-0.260829 -0.302516 0.199513 0.965151 -0.00262062 0.0206536 -0.260865
-0.260829 -0.302516 0.199513 0.965151 -0.00262062 0.0206536 -0.260865
-0.260829 -0.302516 0.199513 0.965151 -0.00262062 0.0206536 -0.260865
-0.260829 -0.302516 0.199513 0.965151 -0.00262062 0.0206536 -0.260865
-0.260829 -0.302516 0.199513 0.965151 -0.00262062 0.0206536 -0.260865
-0.260829 -0.302516 0.199513 0.965151 -0.00262062 0.0206536 -0.260865
-0.260829 -0.302516 0.199513 0.965151 -0.00262062 0.0206536 -0.260865
-0.260829 -0.302516 0.199513 0.965151 -0.00262062 0.0206536 -0.260865
-0.260829 -0.302516 0.199513 0.965151 -0.00262062 0.0206536 -0.260865
-0.260829 -0.302516 0.199513 0.965151 -0.00262062 0.0206536 -0.260865
-0.260897 -0.30484 0.199475 0.964829 -0.00198757 0.0198948 -0.262115
-0.252952 -0.346541 0.208737 0.958343 -0.00338273 -0.0142032 -0.285245
-0.246059 -0.327979 0.228028 0.96684 -0.00404602 -0.00229559 -0.25534
-0.23391 -0.329865 0.257662 0.972961 0.00183949 0.0130787 -0.230593
-0.250638 -0.299626 0.20005 0.96667 -0.00011318 0.00416392 -0.255991
-0.2882 -0.287131 0.207019 0.970332 -0.011364 0.134318 -0.200711
-0.284169 -0.287206 0.206938 0.970323 -0.0113533 0.134275 -0.200785
-0.238283 -0.3003 0.199195 0.965719 -0.00049693 0.000658916 -0.259589
-0.229658 -0.292574 0.20616 0.971076 0.00219847 -0.062075 -0.230549
-0.214207 -0.262187 0.219579 0.987168 -0.00122104 -0.105047 -0.120266
-0.201364 -0.256282 0.220186 0.9845 0.00261817 -0.142895 -0.101652
-0.201364 -0.256282 0.220186 0.9845 0.00261817 -0.142895 -0.101652
-0.219649 -0.264588 0.218976 0.98776 -0.00285357 -0.0890196 -0.128057
-0.271531 -0.313417 0.20127 0.959055 -0.0010143 0.0565333 -0.277518
-0.251389 -0.300723 0.20096 0.96661 -0.000780627 0.00308428 -0.256231
-0.252801 -0.301218 0.200331 0.966065 -0.000834072 0.00752952 -0.258188
-0.265939 -0.306325 0.193133 0.958892 -0.00209031 0.0493614 -0.279436
-0.249991 -0.301733 0.200662 0.965631 -0.000129938 -1.48043e-05 -0.259915
-0.249991 -0.301733 0.200662 0.965631 -0.000129938 -1.48043e-05 -0.259915
-0.288174 -0.310897 0.177502 0.942552 -0.00277516 0.128118 -0.308503
-0.249616 -0.299576 0.202238 0.967681 -0.00165306 -0.000659007 -0.252172
-0.249616 -0.299576 0.202238 0.967681 -0.00165306 -0.000659007 -0.252172
-0.26496 -0.304805 0.194896 0.960699 -0.00237071 0.0480219 -0.273397
-0.254112 -0.301685 0.200293 0.965251 -0.00312247 0.0145621 -0.2609
-0.249654 -0.300105 0.201859 0.967003 -0.00335424 0.000149598 -0.254744
-0.249308 -0.29998 0.201994 0.967129 -0.00334047 -0.000931006 -0.254263
-0.201617 -0.280213 0.214532 0.972101 -0.0021388 -0.144321 -0.184893
-0.24512 -0.298292 0.201479 0.967758 -0.000796903 -0.0150191 -0.251433
-0.250034 -0.301251 0.200241 0.965668 -0.000789163 1.13874e-05 -0.259778
-0.250008 -0.301333 0.200229 0.965667 -0.000787992 8.18108e-06 -0.259783
-0.241804 -0.325163 0.198911 0.965586 0.000816417 0.00089973 -0.26008
-0.214872 -0.31547 0.207583 0.971484 0.0013879 -0.0828868 -0.222139
-0.163604 -0.291745 0.209571 0.960015 0.00244807 -0.239234 -0.145372
-0.154258 -0.286831 0.207798 0.954551 0.0026413 -0.268028 -0.130335
-0.154258 -0.286831 0.207798 0.954551 0.0026413 -0.268028 -0.130335
-0.161076 -0.290437 0.209162 0.95865 0.00250224 -0.246996 -0.141338
-0.197791 -0.30816 0.210426 0.970979 0.00175647 -0.135154 -0.197309
-0.197791 -0.30816 0.210426 0.970979 0.00175647 -0.135154 -0.197309
-0.198164 -0.308325 0.210378 0.971025 0.0017482 -0.134018 -0.197857
-0.24162 -0.32574 0.198946 0.965604 0.000755452 0.000831094 -0.260016
-0.24162 -0.32574 0.198946 0.965604 0.000755452 0.000831094 -0.260016
-0.24162 -0.32574 0.198946 0.965604 0.000755452 0.000831094 -0.260016
-0.284565 -0.309681 0.17996 0.944362 -0.0020604 0.122079 -0.305407
-0.251247 -0.301322 0.199766 0.964901 -0.00138988 0.00559449 -0.262551
-0.251247 -0.301322 0.199766 0.964901 -0.00138988 0.00559449 -0.262551
-0.27966 -0.310365 0.183841 0.946968 -0.00204429 0.103581 -0.30417
-0.248747 -0.299942 0.201093 0.966424 -0.000494717 -0.00255258 -0.256939
-0.248747 -0.299942 0.201093 0.966424 -0.000494717 -0.00255258 -0.256939
-0.240711 -0.296982 0.204102 0.969043 -0.000253562 -0.0288799 -0.245197
-0.228012 -0.290727 0.208413 0.972661 -0.00140978 -0.0698382 -0.221474
-0.223153 -0.289195 0.20801 0.97229 4.12584e-05 -0.083923 -0.218195
-0.223153 -0.289195 0.20801 0.97229 4.12584e-05 -0.083923 -0.218195
-0.225234 -0.290723 0.207951 0.972289 4.19903e-05 -0.0839248 -0.218198
-0.258323 -0.309013 0.198718 0.964221 0.00156854 -0.00635164 -0.265018
-0.213264 -0.286738 0.200589 0.968454 0.00243439 -0.129241 -0.213043
-0.214389 -0.284614 0.202628 0.971372 -0.00132144 -0.121928 -0.203884
-0.251157 -0.301066 0.200279 0.965631 -0.000124119 0.0027949 -0.259903
-0.251157 -0.301066 0.200279 0.965631 -0.000124119 0.0027949 -0.259903
-0.262748 -0.305681 0.197086 0.959863 -0.000430437 0.0426784 -0.277204
-0.259285 -0.303621 0.197783 0.962074 -0.00282718 0.032255 -0.270861
-0.25086 -0.301091 0.199691 0.9652 -0.00209457 0.00277945 -0.261488
-0.251089 -0.301184 0.199629 0.965104 -0.00210071 0.00356216 -0.261834
-0.291655 -0.27636 0.188977 0.97145 -0.0161872 0.168096 -0.166634
-0.250362 -0.303532 0.19781 0.961894 0.00211311 0.00319708 -0.273395
-0.250362 -0.303532 0.19781 0.961894 0.00211311 0.00319708 -0.273395
-0.269115 -0.30776 0.194691 0.955708 -0.00115967 0.0671683 -0.286549
-0.249322 -0.299563 0.200632 0.966735 -0.00144685 -0.000253205 -0.255777
-0.249322 -0.299563 0.200632 0.966735 -0.00144685 -0.000253205 -0.255777
-0.284166 -0.312599 0.188178 0.943833 -0.00276833 0.12136 -0.307316
-0.248671 -0.29939 0.199496 0.966345 0.00175137 -0.00161498 -0.257238
-0.248671 -0.29939 0.199496 0.966345 0.00175137 -0.00161498 -0.257238
-0.229624 -0.291072 0.201996 0.97139 0.00233333 -0.0671135 -0.227796
-0.220675 -0.286768 0.203398 0.972562 -0.000336909 -0.0978648 -0.211058
-0.242268 -0.297393 0.200325 0.968227 0.00179007 -0.0289159 -0.248389
-0.25531 -0.299641 0.19919 0.966041 -0.00144407 0.0224826 -0.257404
-0.262435 -0.29453 0.199152 0.966021 -0.00142999 0.0224274 -0.257483
-0.275487 -0.284671 0.199164 0.965737 -0.00195046 0.0182479 -0.258871
-0.242113 -0.269772 0.202477 0.973656 -8.78387e-05 -0.0959097 -0.206873
-0.229825 -0.291417 0.201631 0.97156 0.00114375 -0.0667122 -0.227199
-0.250766 -0.300366 0.201399 0.966935 -0.000961888 0.00213066 -0.255011
-0.250766 -0.300366 0.201399 0.966935 -0.000961888 0.00213066 -0.255011
-0.260367 -0.304522 0.199953 0.962598 -0.00137511 0.0337384 -0.26882
-0.251166 -0.301112 0.200876 0.965991 -0.000114762 0.00432507 -0.25854
-0.252698 -0.299032 0.201788 0.967977 -0.00198256 0.0110566 -0.250789
-0.253352 -0.299318 0.201696 0.967703 -0.00202814 0.0132096 -0.251738
-0.274559 -0.309138 0.194748 0.95355 -0.00200655 0.0835469 -0.28941
-0.252692 -0.302647 0.198308 0.963171 -0.00180789 0.011008 -0.268658
-0.249702 -0.300657 0.200348 0.965887 -0.001616 0.000764745 -0.258958
-0.276474 -0.310171 0.194192 0.951801 0.00133562 0.0904602 -0.293069
-0.277827 -0.310691 0.193759 0.950778 0.0012752 0.0950275 -0.29494
-0.249385 -0.299651 0.201429 0.967124 -0.0013779 0.00113315 -0.254299
-0.267906 -0.30752 0.198208 0.957756 -0.00218326 0.0622491 -0.280756
-0.252535 -0.299869 0.200145 0.966353 -0.00575479 0.0105192 -0.25694
-0.252535 -0.299869 0.200145 0.966353 -0.00575479 0.0105192 -0.25694
-0.252377 -0.299799 0.200154 0.966421 -0.00574698 0.00999213 -0.256705
-0.206144 -0.277145 0.197332 0.972117 -0.00336714 -0.145682 -0.183723
-0.201804 -0.275101 0.195671 0.970626 0.00172212 -0.16092 -0.178847
-0.249725 -0.30067 0.200354 0.965894 -0.00170941 0.000675001 -0.258933
-0.249725 -0.30067 0.200354 0.965894 -0.00170941 0.000675001 -0.258933
-0.245612 -0.282429 0.200886 0.967756 0.000989359 0.00586636 -0.251817
-0.20929 -0.265537 0.20196 0.973761 0.00306352 -0.112456 -0.197823
-0.222811 -0.289598 0.204967 0.972055 -0.000653528 -0.0852155 -0.218742
-0.250234 -0.301027 0.202312 0.967183 -0.000400999 -0.000389104 -0.25408
-0.250234 -0.301027 0.202312 0.967183 -0.000400999 -0.000389104 -0.25408
-0.278939 -0.312084 0.191378 0.951047 -0.00210424 0.0907301 -0.29542
-0.24895 -0.300783 0.201563 0.966874 -1.5756e-05 -0.00333456 -0.255232
-0.24895 -0.300783 0.201563 0.966874 -1.5756e-05 -0.00333456 -0.255232
-0.254584 -0.303053 0.200115 0.96469 -0.000192853 0.0143562 -0.262997
-0.269333 -0.305474 0.195331 0.95926 -0.00283279 0.0613087 -0.275778
-0.25144 -0.300469 0.19937 0.965746 0.00138322 0.00752972 -0.259375
-0.252119 -0.300741 0.199187 0.965475 0.00135898 0.00968403 -0.260314
-0.272176 -0.308248 0.194626 0.956454 -0.000507677 0.0723146 -0.282784
-0.248644 -0.300535 0.20156 0.966786 -0.00215099 -0.0023792 -0.255569
-0.248644 -0.300535 0.20156 0.966786 -0.00215099 -0.0023792 -0.255569
-0.288071 -0.315002 0.186362 0.942836 -0.00344415 0.12412 -0.309262
-0.248096 -0.299815 0.199323 0.96593 0.00130728 -0.00300702 -0.258784
-0.248096 -0.299815 0.199323 0.96593 0.00130728 -0.00300702 -0.258784
-0.233978 -0.293826 0.20183 0.969894 0.00160221 -0.0477527 -0.238793
-0.198424 -0.274887 0.203232 0.971147 0.000627304 -0.159866 -0.176962
-0.251457 -0.300429 0.199404 0.965763 0.00133578 0.00749356 -0.259315
-0.251457 -0.300429 0.199404 0.965763 0.00133578 0.00749356 -0.259315
-0.251457 -0.300429 0.199404 0.965763 0.00133578 0.00749356 -0.259315
-0.251457 -0.300429 0.199404 0.965763 0.00133578 0.00749356 -0.259315
-0.251457 -0.300429 0.199404 0.965763 0.00133578 0.00749356 -0.259315
-0.251457 -0.300429 0.199404 0.965763 0.00133578 0.00749356 -0.259315
-0.251457 -0.300429 0.199404 0.965763 0.00133578 0.00749356 -0.259315
